0 
0 
0 
0 
0 
0 
0 
0 
0 
0 
0 
0 
0 
0 
0 
0 
0 
0 
0 
0 
0 
0 
0 
0 
0 
0 
0 
0 
0 
0 
0 
0 
0 
0 
0 
0 
0 
0 
0 
0 
0 
0 
0 
0 
0 
0 
0 
0 
0 
0 
0 
0 
0 
0 
0 
0 
0 
0 
0 
0 
0 
0 
0 
0 
0 
0 
0 
0 
0 
0 
0 
0 
0 
0 
0 
0 
0 
0 
0 
0 
0 
0 
0 
0 
0 
0 
0 
0 
0 
0 
0 
0 
0 
0 
0 
0 
0 
0 
0 
0 
0 
0 
0 
0 
0 
0 
0 
0 
0 
0 
0 
0 
0 
0 
0 
0 
0 
0 
0 
0 
0 
0 
0 
0 
0 
0 
0 
0 
0 
0 
0 
0 
0 
0 
0 
0 
0 
0 
0 
0 
0 
0 
0 
0 
0 
0 
0 
0 
0 
0 
0 
0 
0 
0 
0 
0 
0 
0 
0 
0 
0 
0 
0 
0 
0 
0 
0 
0 
0 
0 
0 
0 
0 
0 
0 
0 
0 
0 
0 
0 
2 
3 
0 
0 
0 
0 
0 
0 
0 
0 
0 
0 
0 
0 
0 
0 
0 
0 
0 
0 
0 
0 
0 
0 
0 
0 
0 
0 
0 
0 
0 
0 
0 
0 
0 
0 
0 
0 
0 
0 
0 
0 
0 
0 
0 
0 
0 
0 
0 
0 
0 
0 
0 
0 
0 
0 
0 
0 
0 
0 
0 
0 
0 
0 
0 
0 
0 
0 
0 
0 
0 
0 
0 
0 
0 
0 
0 
0 
0 
0 
0 
0 
0 
0 
0 
0 
0 
0 
0 
0 
0 
0 
0 
0 
0 
0 
0 
0 
0 
0 
0 
0 
0 
0 
0 
0 
0 
0 
0 
0 
0 
0 
0 
0 
0 
0 
0 
0 
0 
0 
0 
0 
0 
0 
0 
0 
0 
0 
0 
0 
0 
0 
0 
0 
0 
0 
0 
0 
0 
0 
0 
0 
0 
0 
0 
0 
0 
0 
0 
0 
0 
0 
0 
0 
0 
0 
0 
0 
0 
0 
0 
0 
0 
0 
0 
0 
0 
0 
0 
0 
0 
0 
0 
0 
0 
0 
0 
0 
0 
0 
0 
982 
-1363 
-10699 
9912 
4528 
-15924 
11823 
12676 
2599 
1670 
-2876 
-15524 
9168 
-12128 
9972 
-4040 
-6351 
2911 
12507 
9986 
-1477 
12156 
2486 
10253 
6254 
-1415 
-6417 
13074 
1904 
1773 
-15181 
2868 
14543 
9251 
2543 
-14098 
-12536 
-8859 
-9916 
-13163 
12778 
-684 
-8543 
1501 
362 
-2032 
-13825 
-907 
11801 
-267 
-14450 
1912 
1129 
-14708 
-4432 
-14335 
5734 
7092 
-9540 
11487 
422 
-14773 
-12489 
8065 
-11184 
-14367 
-7274 
1775 
-7329 
-8112 
1232 
8279 
-10529 
5640 
5088 
4873 
16153 
13439 
14238 
-3390 
-5460 
855 
-1316 
-8496 
-1884 
10194 
-9328 
10955 
13597 
1592 
-6164 
5860 
-7306 
12857 
-7538 
13193 
3111 
1061 
15079 
12558 
11006 
9596 
-4042 
-14243 
9787 
5907 
5273 
-5226 
8776 
11146 
901 
15168 
4486 
2745 
356 
-5689 
-7068 
13379 
7887 
12896 
-7677 
1961 
11 
-3732 
-11037 
-6339 
-12655 
463 
-15429 
2415 
-6225 
-752 
-852 
-4859 
-15666 
15984 
-10386 
-9157 
-5414 
-9171 
-10019 
-4869 
-13840 
4844 
-6594 
-6785 
-6673 
11433 
16159 
15101 
15391 
-13621 
9136 
3177 
-13311 
-13403 
12206 
400 
6621 
9622 
11748 
-4993 
-2724 
11920 
10593 
13397 
16378 
-10713 
-45 
-6134 
13210 
-9446 
-10150 
-12836 
4369 
6679 
-1689 
15780 
4950 
5546 
0 
0 
0 
0 
0 
0 
0 
0 
0 
0 
0 
0 
0 
0 
0 
0 
0 
0 
0 
0 
0 
0 
0 
0 
0 
0 
0 
0 
0 
0 
0 
0 
0 
0 
0 
0 
0 
0 
0 
0 
0 
0 
0 
0 
0 
0 
0 
0 
0 
0 
0 
0 
0 
0 
0 
0 
0 
0 
0 
0 
0 
0 
0 
0 
0 
0 
0 
0 
0 
0 
0 
0 
0 
0 
0 
0 
0 
0 
0 
0 
0 
0 
0 
0 
0 
0 
0 
0 
0 
0 
0 
0 
0 
0 
0 
0 
0 
0 
0 
0 
0 
0 
0 
0 
0 
0 
0 
0 
0 
0 
0 
0 
0 
0 
0 
0 
0 
0 
0 
0 
0 
0 
0 
0 
0 
0 
0 
0 
0 
0 
0 
0 
0 
0 
0 
0 
0 
0 
0 
0 
0 
0 
0 
0 
0 
0 
0 
0 
0 
0 
0 
0 
0 
0 
0 
0 
0 
0 
0 
0 
0 
0 
0 
0 
0 
0 
0 
0 
0 
0 
0 
0 
0 
0 
0 
0 
0 
0 
0 
0 
