0 
0 
0 
0 
0 
0 
0 
0 
0 
0 
0 
0 
0 
0 
0 
0 
0 
0 
0 
0 
0 
0 
0 
0 
0 
0 
0 
0 
0 
0 
0 
0 
0 
0 
0 
0 
0 
0 
0 
0 
0 
0 
0 
0 
0 
0 
0 
0 
0 
0 
0 
0 
0 
0 
0 
0 
0 
0 
0 
0 
0 
0 
0 
0 
0 
0 
0 
0 
0 
0 
0 
0 
0 
0 
0 
0 
0 
0 
0 
0 
0 
0 
0 
0 
0 
0 
0 
0 
0 
0 
0 
0 
0 
0 
0 
0 
0 
0 
0 
0 
0 
0 
0 
0 
0 
0 
0 
0 
0 
0 
0 
0 
0 
0 
0 
0 
0 
0 
0 
0 
0 
0 
0 
0 
0 
0 
0 
0 
0 
0 
0 
0 
0 
0 
0 
0 
0 
0 
0 
0 
0 
0 
0 
0 
0 
0 
0 
0 
0 
0 
0 
0 
0 
0 
0 
0 
0 
0 
0 
0 
0 
0 
0 
0 
0 
0 
0 
0 
0 
0 
0 
0 
0 
0 
0 
0 
0 
0 
0 
0 
2 
3 
0 
0 
0 
0 
0 
0 
0 
0 
0 
0 
0 
0 
0 
0 
0 
0 
0 
0 
0 
0 
0 
0 
0 
0 
0 
0 
0 
0 
0 
0 
0 
0 
0 
0 
0 
0 
0 
0 
0 
0 
0 
0 
0 
0 
0 
0 
0 
0 
0 
0 
0 
0 
0 
0 
0 
0 
0 
0 
0 
0 
0 
0 
0 
0 
0 
0 
0 
0 
0 
0 
0 
0 
0 
0 
0 
0 
0 
0 
0 
0 
0 
0 
0 
0 
0 
0 
0 
0 
0 
0 
0 
0 
0 
0 
0 
0 
0 
0 
0 
0 
0 
0 
0 
0 
0 
0 
0 
0 
0 
0 
0 
0 
0 
0 
0 
0 
0 
0 
0 
0 
0 
0 
0 
0 
0 
0 
0 
0 
0 
0 
0 
0 
0 
0 
0 
0 
0 
0 
0 
0 
0 
0 
0 
0 
0 
0 
0 
0 
0 
0 
0 
0 
0 
0 
0 
0 
0 
0 
0 
0 
0 
0 
0 
0 
0 
0 
0 
0 
0 
0 
0 
0 
0 
0 
0 
0 
0 
0 
0 
-9737 
13890 
12977 
4194 
15760 
-13286 
2667 
10364 
-6798 
4201 
-996 
-1369 
13782 
-375 
12678 
-5164 
8139 
-1889 
-5525 
4947 
-13485 
8142 
-14931 
-14276 
-15872 
-13065 
14413 
-8581 
7238 
-10085 
4625 
-13168 
-14898 
-13207 
-11441 
-7352 
-7631 
-2053 
-16165 
13368 
-3538 
-5295 
-773 
12671 
7043 
-6587 
14141 
2678 
-4452 
6395 
-15095 
-15181 
15505 
-9658 
7319 
4770 
-12785 
12890 
-7897 
13059 
-14087 
-15957 
9075 
-1894 
6596 
15815 
5017 
16243 
-15863 
-10719 
1021 
2508 
-5085 
12659 
6463 
8589 
-8398 
-15182 
-13025 
8449 
-3706 
-7305 
-6965 
13201 
3030 
12375 
-15589 
-4488 
1780 
12786 
4506 
12122 
-13117 
-3967 
-5961 
8433 
13875 
-1819 
-1716 
-12816 
4414 
4342 
-15620 
7768 
-13095 
13999 
12269 
806 
-16208 
-12020 
15053 
-65 
4936 
4378 
-11589 
15730 
7189 
-6286 
-7513 
4656 
-14052 
5704 
-12008 
-9414 
7106 
-5717 
13881 
-6551 
-8330 
1833 
14168 
10359 
-16228 
8685 
-2194 
8812 
-1071 
9080 
13067 
15273 
-10431 
12595 
8883 
12973 
15086 
6497 
-8319 
-11036 
15398 
9268 
4707 
-14781 
-14554 
-10928 
-10915 
8613 
-8773 
-5553 
-11209 
16134 
-10907 
9998 
11210 
6599 
5170 
3495 
-260 
-12642 
-13956 
13059 
11963 
399 
-1600 
1986 
-3398 
2154 
-4376 
10266 
846 
10720 
0 
0 
0 
0 
0 
0 
0 
0 
0 
0 
0 
0 
0 
0 
0 
0 
0 
0 
0 
0 
0 
0 
0 
0 
0 
0 
0 
0 
0 
0 
0 
0 
0 
0 
0 
0 
0 
0 
0 
0 
0 
0 
0 
0 
0 
0 
0 
0 
0 
0 
0 
0 
0 
0 
0 
0 
0 
0 
0 
0 
0 
0 
0 
0 
0 
0 
0 
0 
0 
0 
0 
0 
0 
0 
0 
0 
0 
0 
0 
0 
0 
0 
0 
0 
0 
0 
0 
0 
0 
0 
0 
0 
0 
0 
0 
0 
0 
0 
0 
0 
0 
0 
0 
0 
0 
0 
0 
0 
0 
0 
0 
0 
0 
0 
0 
0 
0 
0 
0 
0 
0 
0 
0 
0 
0 
0 
0 
0 
0 
0 
0 
0 
0 
0 
0 
0 
0 
0 
0 
0 
0 
0 
0 
0 
0 
0 
0 
0 
0 
0 
0 
0 
0 
0 
0 
0 
0 
0 
0 
0 
0 
0 
0 
0 
0 
0 
0 
0 
0 
0 
0 
0 
0 
0 
0 
0 
0 
0 
0 
0 
