-732
-1938
-2423
-1983
-766
775
2054
2570
2105
814
-824
-2185
-2736
-2242
-868
879
2334
2925
2399
929
-942
-2504
-3141
-2580
-1000
1016
2701
3393
2789
1083
-1101
-2932
-3688
-3036
-1180
1202
3206
4039
3331
1297
-1323
-3537
-4464
-3689
-1440
1472
3944
4990
4134
1618
-1659
-4456
-5655
-4700
-1846
1899
5121
6525
5446
2148
-2221
-6020
-7711
-6474
-2570
2674
7301
9425
7980
3196
-3360
-9274
-12118
-10398
-4228
4519
12709
16966
14919
6241
-6898
-20185
-28276
-26396
-11915
14563
49021
84830
114382
131071
